0000000000000000
000000000000000a
0000000000000014
0000000000000005
0000000000000000
000000000000001e
0000000000000014
000000000000001f
0000000000000004
000000000000001e
0000000000000014
000000000000001f
0000000000000004
0000000000000028
0000000000000028
0000000000000050
000000000000001b
0000000000000005
0000000000000005
0000000000000000
0000000000000000
000000000000002a
0000000000000000
0000000000000000
0000000000000000
0000000000000000
0000000000000000
0000000000000000
0000000000000000
0000000000000000
0000000000000000
0000000000000000
32
